127
0 1 0 0 2 0 0 1 2 0 2 0 1 2 0 0 2 1 2 0 0 1 2 0 2 0 0 1 2 0 1 2 0 1 2 0 1 0 0 2 0 0 0 0 1 0 1 1 0 2 1 0 0 1 2 1 1 2 1 0 1 2 0 2 1 2 0 2 2 0 2 2 1 1 1 1 1 1 1 0 0 0 2 0 2 0 0 1 0 1 0 0 0 1 2 2 1 0 0 0 2 2 0 0 1 2 1 0 1 0 0 1 2 1 2 2 2 2 2 2 2 0 2 0 0 0 0
162
1 2 2 0 2 2 1 2 0 1 2 1 0 0 1 0 2 0 1 2 2 2 2 0 1 0 1 2 2 0 1 0 2 0 2 0 2 2 0 2 2 0 2 1 0 1 0 0 1 0 2 1 1 0 1 0 0 0 1 1 1 2 2 2 0 1 1 2 0 1 2 1 2 0 1 2 2 0 2 0 2 0 1 2 2 1 2 0 1 1 1 1 0 2 2 1 0 1 1 1 0 0 0 0 1 0 0 2 2 1 1 2 1 2 0 0 0 0 2 2 1 2 0 1 1 0 2 0 1 2 0 1 0 1 2 2 0 2 2 2 2 2 0 1 2 2 2 2 2 2 2 0 0 2 1 0 0 2 1 2 2 2
159
0 0 0 0 1 1 1 2 0 1 2 2 1 2 2 1 0 1 0 2 1 1 2 0 1 0 0 0 2 1 1 2 2 1 1 1 2 0 2 1 0 1 1 2 0 1 2 0 1 0 1 2 0 2 1 2 2 0 1 2 0 2 0 0 2 0 2 1 2 2 1 1 2 2 1 0 2 2 2 1 2 0 1 2 2 1 1 2 1 0 1 2 1 2 1 1 1 1 0 0 2 1 2 1 1 2 0 0 0 2 0 1 1 2 2 1 1 1 0 2 0 1 0 1 1 2 1 2 0 0 1 2 2 1 2 2 0 1 2 1 0 2 1 0 1 0 2 1 1 0 1 2 1 0 1 2 0 1 1
174
1 0 1 2 1 2 2 2 2 1 2 1 0 0 0 1 0 0 2 2 1 0 0 0 1 2 0 1 0 0 0 1 2 2 1 0 1 0 1 1 0 0 0 1 2 1 2 2 0 1 2 0 2 0 0 1 2 0 0 1 0 2 0 2 0 2 0 0 1 1 0 0 2 2 1 2 2 1 2 1 1 2 1 1 2 2 1 0 1 2 1 0 1 1 2 1 1 2 1 1 0 1 0 1 0 1 2 0 1 2 1 2 1 0 0 0 1 1 0 2 0 1 2 2 1 0 0 1 2 1 1 2 1 0 1 1 0 0 0 2 0 2 0 0 2 1 1 2 1 0 1 1 1 1 1 2 1 2 2 2 2 2 2 2 0 2 1 2 2 0 0 2 1 2
109
0 2 2 1 1 0 1 1 1 0 1 0 0 1 1 1 0 0 1 0 0 0 0 0 0 2 0 1 2 0 0 1 2 2 0 2 0 0 1 0 2 1 0 1 0 0 0 2 0 0 2 2 1 1 2 2 1 1 1 0 1 0 1 2 0 1 1 1 0 0 1 1 0 0 2 2 1 1 2 2 2 2 0 1 1 0 1 0 1 2 1 1 0 0 2 1 0 1 2 0 2 1 0 0 2 1 1 0 2
147
2 2 2 0 2 2 0 0 0 2 2 1 1 2 0 0 2 2 1 2 1 2 0 0 0 1 2 0 0 1 2 2 1 0 1 2 0 2 1 2 1 2 2 1 1 1 2 1 0 2 1 2 0 0 2 1 1 2 2 0 0 0 0 1 1 1 1 0 0 1 2 0 0 1 0 1 2 2 0 2 1 0 2 1 2 2 0 0 2 2 0 2 1 2 0 1 0 1 1 2 1 1 2 2 2 1 1 1 2 2 1 2 1 0 1 0 2 2 2 2 2 1 1 0 0 2 1 1 2 1 0 2 2 2 1 2 1 1 2 0 0 2 0 2 0 0 0
